0 0.8137019230769231 0.16105769230769232 0.2620192307692308 0.32211538461538464
0 0.6274038461538461 0.17548076923076922 0.23557692307692307 0.35096153846153844
0 0.46033653846153844 0.20793269230769232 0.23317307692307693 0.41586538461538464
0 0.26802884615384615 0.19831730769230768 0.21394230769230768 0.33413461538461536
0 0.09134615384615384 0.3329326923076923 0.18269230769230768 0.5120192307692307
0 0.06850961538461539 0.6334134615384616 0.13701923076923078 0.41586538461538464
0 0.23197115384615385 0.46634615384615385 0.2283653846153846 0.38461538461538464
0 0.24519230769230768 0.8389423076923077 0.2548076923076923 0.32211538461538464
0 0.4170673076923077 0.7668269230769231 0.2620192307692308 0.46634615384615385
0 0.4423076923076923 0.4795673076923077 0.23557692307692307 0.4831730769230769
0 0.6274038461538461 0.4387019230769231 0.2403846153846154 0.4495192307692308
0 0.6177884615384616 0.7055288461538461 0.23076923076923078 0.41586538461538464
0 0.8293269230769231 0.4026442307692308 0.2548076923076923 0.4639423076923077