0 0.4855769230769231 0.8088942307692307 0.7644230769230769 0.08413461538461539
0 0.49158653846153844 0.4110576923076923 0.7379807692307693 0.052884615384615384
0 0.4963942307692308 0.32572115384615385 0.65625 0.040865384615384616
0 0.4987980769230769 0.18028846153846154 0.6754807692307693 0.0673076923076923
0 0.5012019230769231 0.5901442307692307 0.7091346153846154 0.07932692307692307
0 0.5048076923076923 0.3557692307692308 0.7836538461538461 0.0625
0 0.5144230769230769 0.44471153846153844 0.6826923076923077 0.057692307692307696
0 0.5180288461538461 0.5324519230769231 0.6995192307692307 0.09375
0 0.5180288461538461 0.6370192307692307 0.6899038461538461 0.08173076923076923
0 0.5180288461538461 0.8858173076923077 0.7379807692307693 0.07451923076923077
0 0.5216346153846154 0.13701923076923078 0.625 0.052884615384615384
0 0.5264423076923077 0.24759615384615385 0.625 0.07692307692307693
0 0.5336538461538461 0.7379807692307693 0.6730769230769231 0.0673076923076923
0 0.5336538461538461 0.4951923076923077 0.7451923076923077 0.07692307692307693
0 0.5384615384615384 0.6887019230769231 0.6730769230769231 0.055288461538461536
0 0.546875 0.9495192307692307 0.6947115384615384 0.052884615384615384
0 0.5516826923076923 0.8341346153846154 0.6466346153846154 0.07211538461538461