0 0.9074519230769231 0.22596153846153846 0.18509615384615385 0.3942307692307692
0 0.7391826923076923 0.20673076923076922 0.18509615384615385 0.38461538461538464
0 0.5721153846153846 0.20552884615384615 0.1778846153846154 0.4110576923076923
0 0.39783653846153844 0.15504807692307693 0.17548076923076922 0.31009615384615385
0 0.16346153846153846 0.23076923076923078 0.1971153846153846 0.46153846153846156
0 0.06850961538461539 0.4951923076923077 0.13701923076923078 0.39903846153846156
0 0.29086538461538464 0.3942307692307692 0.1778846153846154 0.3557692307692308
0 0.18389423076923078 0.7776442307692307 0.20432692307692307 0.37259615384615385
0 0.3701923076923077 0.7295673076923077 0.1971153846153846 0.45913461538461536
0 0.47836538461538464 0.46153846153846156 0.17307692307692307 0.4519230769230769
0 0.6598557692307693 0.47716346153846156 0.18509615384615385 0.4206730769230769
0 0.5733173076923077 0.7199519230769231 0.18028846153846154 0.3870192307692308
0 0.8545673076923077 0.5024038461538461 0.19471153846153846 0.42788461538461536