0 0.19110576923076922 0.4855769230769231 0.08413461538461539 0.7644230769230769
0 0.5889423076923077 0.49158653846153844 0.052884615384615384 0.7379807692307693
0 0.6742788461538461 0.4963942307692308 0.040865384615384616 0.65625
0 0.8197115384615384 0.4987980769230769 0.0673076923076923 0.6754807692307693
0 0.4098557692307692 0.5012019230769231 0.07932692307692307 0.7091346153846154
0 0.6442307692307693 0.5048076923076923 0.0625 0.7836538461538461
0 0.5552884615384616 0.5144230769230769 0.057692307692307696 0.6826923076923077
0 0.4675480769230769 0.5180288461538461 0.09375 0.6995192307692307
0 0.3629807692307692 0.5180288461538461 0.08173076923076923 0.6899038461538461
0 0.1141826923076923 0.5180288461538461 0.07451923076923077 0.7379807692307693
0 0.8629807692307693 0.5216346153846154 0.052884615384615384 0.625
0 0.7524038461538461 0.5264423076923077 0.07692307692307693 0.625
0 0.2620192307692308 0.5336538461538461 0.0673076923076923 0.6730769230769231
0 0.5048076923076923 0.5336538461538461 0.07692307692307693 0.7451923076923077
0 0.3112980769230769 0.5384615384615384 0.055288461538461536 0.6730769230769231
0 0.05048076923076923 0.546875 0.052884615384615384 0.6947115384615384
0 0.1658653846153846 0.5516826923076923 0.07211538461538461 0.6466346153846154