0 0.15745192307692307 0.18028846153846154 0.31490384615384615 0.2548076923076923
0 0.171875 0.3605769230769231 0.34375 0.23076923076923078
0 0.203125 0.5252403846153846 0.40625 0.2283653846153846
0 0.19230769230769232 0.7103365384615384 0.3317307692307692 0.2091346153846154
0 0.3233173076923077 0.8978365384615384 0.5024038461538461 0.20432692307692307
0 0.6213942307692307 0.9194711538461539 0.4110576923076923 0.16105769230769232
0 0.4567307692307692 0.7427884615384616 0.375 0.22115384615384615
0 0.8317307692307693 0.7355769230769231 0.33653846153846156 0.25
0 0.7608173076923077 0.5649038461538461 0.47836538461538464 0.2548076923076923
0 0.46875 0.5408653846153846 0.47115384615384615 0.23076923076923078
0 0.42908653846153844 0.3605769230769231 0.43509615384615385 0.23076923076923078
0 0.6887019230769231 0.3713942307692308 0.4014423076923077 0.22355769230769232
0 0.39663461538461536 0.1622596153846154 0.44711538461538464 0.24759615384615385