0 0.43149038461538464 0.6598557692307693 0.17067307692307693 0.6658653846153846
0 0.7115384615384616 0.65625 0.12980769230769232 0.6875
0 0.6213942307692307 0.6514423076923077 0.0985576923076923 0.6923076923076923
0 0.7860576923076923 0.6454326923076923 0.1201923076923077 0.6370192307692307
0 0.3449519230769231 0.6430288461538461 0.11778846153846154 0.6274038461538461
0 0.5637019230769231 0.6394230769230769 0.0985576923076923 0.7211538461538461
0 0.2668269230769231 0.6394230769230769 0.11538461538461539 0.5961538461538461
0 0.027644230769230768 0.6370192307692307 0.05048076923076923 0.625
0 0.20072115384615385 0.6358173076923077 0.13701923076923078 0.5985576923076923
0 0.8930288461538461 0.6177884615384616 0.13221153846153846 0.5961538461538461
0 0.11538461538461539 0.5925480769230769 0.10096153846153846 0.5793269230769231