0 0.8197115384615384 0.15745192307692307 0.2548076923076923 0.31490384615384615
0 0.6394230769230769 0.171875 0.23076923076923078 0.34375
0 0.47475961538461536 0.203125 0.2283653846153846 0.40625
0 0.28966346153846156 0.19230769230769232 0.2091346153846154 0.3317307692307692
0 0.10216346153846154 0.3233173076923077 0.20432692307692307 0.5024038461538461
0 0.08052884615384616 0.6213942307692307 0.16105769230769232 0.4110576923076923
0 0.25721153846153844 0.4567307692307692 0.22115384615384615 0.375
0 0.2644230769230769 0.8317307692307693 0.25 0.33653846153846156
0 0.43509615384615385 0.7608173076923077 0.2548076923076923 0.47836538461538464
0 0.45913461538461536 0.46875 0.23076923076923078 0.47115384615384615
0 0.6394230769230769 0.42908653846153844 0.23076923076923078 0.43509615384615385
0 0.6286057692307693 0.6887019230769231 0.22355769230769232 0.4014423076923077
0 0.8377403846153846 0.39663461538461536 0.24759615384615385 0.44711538461538464