0 0.18629807692307693 0.8389423076923077 0.2620192307692308 0.32211538461538464
0 0.37259615384615385 0.8245192307692307 0.23557692307692307 0.35096153846153844
0 0.5396634615384616 0.7920673076923077 0.23317307692307693 0.41586538461538464
0 0.7319711538461539 0.8016826923076923 0.21394230769230768 0.33413461538461536
0 0.9086538461538461 0.6670673076923077 0.18269230769230768 0.5120192307692307
0 0.9314903846153846 0.36658653846153844 0.13701923076923078 0.41586538461538464
0 0.7680288461538461 0.5336538461538461 0.2283653846153846 0.38461538461538464
0 0.7548076923076923 0.16105769230769232 0.2548076923076923 0.32211538461538464
0 0.5829326923076923 0.23317307692307693 0.2620192307692308 0.46634615384615385
0 0.5576923076923077 0.5204326923076923 0.23557692307692307 0.4831730769230769
0 0.37259615384615385 0.5612980769230769 0.2403846153846154 0.4495192307692308
0 0.38221153846153844 0.29447115384615385 0.23076923076923078 0.41586538461538464
0 0.17067307692307693 0.5973557692307693 0.2548076923076923 0.4639423076923077