0 0.7740384615384616 0.9074519230769231 0.3942307692307692 0.18509615384615385
0 0.7932692307692307 0.7391826923076923 0.38461538461538464 0.18509615384615385
0 0.7944711538461539 0.5721153846153846 0.4110576923076923 0.1778846153846154
0 0.8449519230769231 0.39783653846153844 0.31009615384615385 0.17548076923076922
0 0.7692307692307693 0.16346153846153846 0.46153846153846156 0.1971153846153846
0 0.5048076923076923 0.06850961538461539 0.39903846153846156 0.13701923076923078
0 0.6057692307692307 0.29086538461538464 0.3557692307692308 0.1778846153846154
0 0.22235576923076922 0.18389423076923078 0.37259615384615385 0.20432692307692307
0 0.2704326923076923 0.3701923076923077 0.45913461538461536 0.1971153846153846
0 0.5384615384615384 0.47836538461538464 0.4519230769230769 0.17307692307692307
0 0.5228365384615384 0.6598557692307693 0.4206730769230769 0.18509615384615385
0 0.2800480769230769 0.5733173076923077 0.3870192307692308 0.18028846153846154
0 0.49759615384615385 0.8545673076923077 0.42788461538461536 0.19471153846153846