0 0.09254807692307693 0.7740384615384616 0.18509615384615385 0.3942307692307692
0 0.2608173076923077 0.7932692307692307 0.18509615384615385 0.38461538461538464
0 0.42788461538461536 0.7944711538461539 0.1778846153846154 0.4110576923076923
0 0.6021634615384616 0.8449519230769231 0.17548076923076922 0.31009615384615385
0 0.8365384615384616 0.7692307692307693 0.1971153846153846 0.46153846153846156
0 0.9314903846153846 0.5048076923076923 0.13701923076923078 0.39903846153846156
0 0.7091346153846154 0.6057692307692307 0.1778846153846154 0.3557692307692308
0 0.8161057692307693 0.22235576923076922 0.20432692307692307 0.37259615384615385
0 0.6298076923076923 0.2704326923076923 0.1971153846153846 0.45913461538461536
0 0.5216346153846154 0.5384615384615384 0.17307692307692307 0.4519230769230769
0 0.3401442307692308 0.5228365384615384 0.18509615384615385 0.4206730769230769
0 0.4266826923076923 0.2800480769230769 0.18028846153846154 0.3870192307692308
0 0.14543269230769232 0.49759615384615385 0.19471153846153846 0.42788461538461536